# ILS - input1.dat
instancia,mejor_costo,error_relativa,costo_promedio,tiempo_promedio
1,19,0.000000,19.300000,0.365371
2,19,0.000000,19.300000,0.365371
3,19,0.157895,19.300000,0.365371
4,19,0.000000,19.300000,0.365371
5,19,0.000000,19.300000,0.365371
6,19,0.000000,19.300000,0.365371
7,19,0.000000,19.300000,0.365371
8,19,0.000000,19.300000,0.365371
9,19,0.000000,19.300000,0.365371
10,19,0.000000,19.300000,0.365371

# ILS - input2.dat
instancia,mejor_costo,error_relativa,costo_promedio,tiempo_promedio
1,23,0.086957,25.900000,1.383572
2,23,0.000000,25.900000,1.383572
3,23,0.478261,25.900000,1.383572
4,23,0.000000,25.900000,1.383572
5,23,0.000000,25.900000,1.383572
6,23,0.043478,25.900000,1.383572
7,23,0.043478,25.900000,1.383572
8,23,0.173913,25.900000,1.383572
9,23,0.000000,25.900000,1.383572
10,23,0.434783,25.900000,1.383572

# ILS - input3.dat
instancia,mejor_costo,error_relativa,costo_promedio,tiempo_promedio
1,42,0.000000,43.700000,1.619093
2,42,0.071429,43.700000,1.619093
3,42,0.071429,43.700000,1.619093
4,42,0.071429,43.700000,1.619093
5,42,0.000000,43.700000,1.619093
6,42,0.047619,43.700000,1.619093
7,42,0.047619,43.700000,1.619093
8,42,0.047619,43.700000,1.619093
9,42,0.000000,43.700000,1.619093
10,42,0.047619,43.700000,1.619093

# ILS - input4.dat
instancia,mejor_costo,error_relativa,costo_promedio,tiempo_promedio
1,53,0.018868,55.000000,3.290866
2,53,0.037736,55.000000,3.290866
3,53,0.056604,55.000000,3.290866
4,53,0.018868,55.000000,3.290866
5,53,0.037736,55.000000,3.290866
6,53,0.037736,55.000000,3.290866
7,53,0.056604,55.000000,3.290866
8,53,0.000000,55.000000,3.290866
9,53,0.075472,55.000000,3.290866
10,53,0.037736,55.000000,3.290866

# ILS - input5.dat
instancia,mejor_costo,error_relativa,costo_promedio,tiempo_promedio
1,65,0.123077,70.000000,7.617140
2,65,0.061538,70.000000,7.617140
3,65,0.123077,70.000000,7.617140
4,65,0.000000,70.000000,7.617140
5,65,0.030769,70.000000,7.617140
6,65,0.092308,70.000000,7.617140
7,65,0.092308,70.000000,7.617140
8,65,0.092308,70.000000,7.617140
9,65,0.030769,70.000000,7.617140
10,65,0.123077,70.000000,7.617140

# ILS - input6.dat
instancia,mejor_costo,error_relativa,costo_promedio,tiempo_promedio
1,80,0.000000,89.200000,8.764427
2,80,0.137500,89.200000,8.764427
3,80,0.137500,89.200000,8.764427
4,80,0.100000,89.200000,8.764427
5,80,0.162500,89.200000,8.764427
6,80,0.175000,89.200000,8.764427
7,80,0.087500,89.200000,8.764427
8,80,0.075000,89.200000,8.764427
9,80,0.125000,89.200000,8.764427
10,80,0.150000,89.200000,8.764427

# ILS - input7.dat
instancia,mejor_costo,error_relativa,costo_promedio,tiempo_promedio
1,112,0.017857,114.000000,6.142641
2,112,0.008929,114.000000,6.142641
3,112,0.044643,114.000000,6.142641
4,112,0.000000,114.000000,6.142641
5,112,0.000000,114.000000,6.142641
6,112,0.008929,114.000000,6.142641
7,112,0.008929,114.000000,6.142641
8,112,0.035714,114.000000,6.142641
9,112,0.035714,114.000000,6.142641
10,112,0.017857,114.000000,6.142641

# ILS - input8.dat
instancia,mejor_costo,error_relativa,costo_promedio,tiempo_promedio
1,133,0.030075,136.400000,6.677369
2,133,0.037594,136.400000,6.677369
3,133,0.000000,136.400000,6.677369
4,133,0.030075,136.400000,6.677369
5,133,0.007519,136.400000,6.677369
6,133,0.037594,136.400000,6.677369
7,133,0.037594,136.400000,6.677369
8,133,0.022556,136.400000,6.677369
9,133,0.022556,136.400000,6.677369
10,133,0.030075,136.400000,6.677369

# ILS - input9.dat
instancia,mejor_costo,error_relativa,costo_promedio,tiempo_promedio
1,150,0.000000,159.100000,9.841078
2,150,0.066667,159.100000,9.841078
3,150,0.086667,159.100000,9.841078
4,150,0.053333,159.100000,9.841078
5,150,0.073333,159.100000,9.841078
6,150,0.060000,159.100000,9.841078
7,150,0.053333,159.100000,9.841078
8,150,0.086667,159.100000,9.841078
9,150,0.060000,159.100000,9.841078
10,150,0.066667,159.100000,9.841078

# ILS - input10.dat
instancia,mejor_costo,error_relativa,costo_promedio,tiempo_promedio
1,180,0.038889,183.800000,12.739004
2,180,0.016667,183.800000,12.739004
3,180,0.044444,183.800000,12.739004
4,180,0.033333,183.800000,12.739004
5,180,0.027778,183.800000,12.739004
6,180,0.005556,183.800000,12.739004
7,180,0.000000,183.800000,12.739004
8,180,0.016667,183.800000,12.739004
9,180,0.011111,183.800000,12.739004
10,180,0.016667,183.800000,12.739004

# ILS - input11.dat
instancia,mejor_costo,error_relativa,costo_promedio,tiempo_promedio
1,211,0.033175,214.400000,12.216012
2,211,0.014218,214.400000,12.216012
3,211,0.028436,214.400000,12.216012
4,211,0.018957,214.400000,12.216012
5,211,0.004739,214.400000,12.216012
6,211,0.014218,214.400000,12.216012
7,211,0.000000,214.400000,12.216012
8,211,0.023697,214.400000,12.216012
9,211,0.004739,214.400000,12.216012
10,211,0.018957,214.400000,12.216012

# ILS - input12.dat
instancia,mejor_costo,error_relativa,costo_promedio,tiempo_promedio
1,240,0.000000,244.300000,13.550957
2,240,0.025000,244.300000,13.550957
3,240,0.037500,244.300000,13.550957
4,240,0.008333,244.300000,13.550957
5,240,0.012500,244.300000,13.550957
6,240,0.025000,244.300000,13.550957
7,240,0.012500,244.300000,13.550957
8,240,0.016667,244.300000,13.550957
9,240,0.025000,244.300000,13.550957
10,240,0.016667,244.300000,13.550957

# ILS - input13.dat
instancia,mejor_costo,error_relativa,costo_promedio,tiempo_promedio
1,275,0.000000,277.500000,13.738756
2,275,0.014545,277.500000,13.738756
3,275,0.010909,277.500000,13.738756
4,275,0.003636,277.500000,13.738756
5,275,0.018182,277.500000,13.738756
6,275,0.014545,277.500000,13.738756
7,275,0.010909,277.500000,13.738756
8,275,0.000000,277.500000,13.738756
9,275,0.000000,277.500000,13.738756
10,275,0.018182,277.500000,13.738756

# ILS - input14.dat
instancia,mejor_costo,error_relativa,costo_promedio,tiempo_promedio
1,301,0.000000,311.300000,15.510591
2,301,0.056478,311.300000,15.510591
3,301,0.039867,311.300000,15.510591
4,301,0.026578,311.300000,15.510591
5,301,0.049834,311.300000,15.510591
6,301,0.033223,311.300000,15.510591
7,301,0.029900,311.300000,15.510591
8,301,0.039867,311.300000,15.510591
9,301,0.029900,311.300000,15.510591
10,301,0.036545,311.300000,15.510591

# ILS - input15.dat
instancia,mejor_costo,error_relativa,costo_promedio,tiempo_promedio
1,345,0.023188,349.000000,15.720829
2,345,0.000000,349.000000,15.720829
3,345,0.028986,349.000000,15.720829
4,345,0.017391,349.000000,15.720829
5,345,0.011594,349.000000,15.720829
6,345,0.000000,349.000000,15.720829
7,345,0.008696,349.000000,15.720829
8,345,0.002899,349.000000,15.720829
9,345,0.005797,349.000000,15.720829
10,345,0.017391,349.000000,15.720829

# ILS - input16.dat
instancia,mejor_costo,error_relativa,costo_promedio,tiempo_promedio
1,383,0.000000,387.300000,16.988316
2,383,0.013055,387.300000,16.988316
3,383,0.028721,387.300000,16.988316
4,383,0.018277,387.300000,16.988316
5,383,0.013055,387.300000,16.988316
6,383,0.010444,387.300000,16.988316
7,383,0.005222,387.300000,16.988316
8,383,0.013055,387.300000,16.988316
9,383,0.002611,387.300000,16.988316
10,383,0.007833,387.300000,16.988316

# ILS - input17.dat
instancia,mejor_costo,error_relativa,costo_promedio,tiempo_promedio
1,420,0.014286,427.000000,18.322637
2,420,0.011905,427.000000,18.322637
3,420,0.033333,427.000000,18.322637
4,420,0.026190,427.000000,18.322637
5,420,0.000000,427.000000,18.322637
6,420,0.026190,427.000000,18.322637
7,420,0.019048,427.000000,18.322637
8,420,0.011905,427.000000,18.322637
9,420,0.016667,427.000000,18.322637
10,420,0.007143,427.000000,18.322637

# ILS - input18.dat
instancia,mejor_costo,error_relativa,costo_promedio,tiempo_promedio
1,467,0.012848,472.200000,19.608140
2,467,0.012848,472.200000,19.608140
3,467,0.002141,472.200000,19.608140
4,467,0.017131,472.200000,19.608140
5,467,0.008565,472.200000,19.608140
6,467,0.012848,472.200000,19.608140
7,467,0.000000,472.200000,19.608140
8,467,0.017131,472.200000,19.608140
9,467,0.017131,472.200000,19.608140
10,467,0.010707,472.200000,19.608140

# ILS - input19.dat
instancia,mejor_costo,error_relativa,costo_promedio,tiempo_promedio
1,511,0.007828,515.700000,22.129465
2,511,0.005871,515.700000,22.129465
3,511,0.019569,515.700000,22.129465
4,511,0.001957,515.700000,22.129465
5,511,0.000000,515.700000,22.129465
6,511,0.009785,515.700000,22.129465
7,511,0.009785,515.700000,22.129465
8,511,0.007828,515.700000,22.129465
9,511,0.011742,515.700000,22.129465
10,511,0.017613,515.700000,22.129465

# ILS - input20.dat
instancia,mejor_costo,error_relativa,costo_promedio,tiempo_promedio
1,553,0.009042,560.300000,23.754882
2,553,0.007233,560.300000,23.754882
3,553,0.028933,560.300000,23.754882
4,553,0.000000,560.300000,23.754882
5,553,0.000000,560.300000,23.754882
6,553,0.016275,560.300000,23.754882
7,553,0.012658,560.300000,23.754882
8,553,0.012658,560.300000,23.754882
9,553,0.019892,560.300000,23.754882
10,553,0.025316,560.300000,23.754882
