# VNS - input1.dat
instancia,mejor_costo,error_relativa,costo_promedio,tiempo_promedio
1,19,0.000000,19.000000,0.486914
2,19,0.000000,19.000000,0.486914
3,19,0.000000,19.000000,0.486914
4,19,0.000000,19.000000,0.486914
5,19,0.000000,19.000000,0.486914
6,19,0.000000,19.000000,0.486914
7,19,0.000000,19.000000,0.486914
8,19,0.000000,19.000000,0.486914
9,19,0.000000,19.000000,0.486914
10,19,0.000000,19.000000,0.486914

# VNS - input2.dat
instancia,mejor_costo,error_relativa,costo_promedio,tiempo_promedio
1,22,0.227273,24.700000,1.585489
2,22,0.454545,24.700000,1.585489
3,22,0.000000,24.700000,1.585489
4,22,0.045455,24.700000,1.585489
5,22,0.000000,24.700000,1.585489
6,22,0.045455,24.700000,1.585489
7,22,0.000000,24.700000,1.585489
8,22,0.000000,24.700000,1.585489
9,22,0.454545,24.700000,1.585489
10,22,0.000000,24.700000,1.585489

# VNS - input3.dat
instancia,mejor_costo,error_relativa,costo_promedio,tiempo_promedio
1,42,0.023810,43.200000,2.638333
2,42,0.023810,43.200000,2.638333
3,42,0.000000,43.200000,2.638333
4,42,0.047619,43.200000,2.638333
5,42,0.023810,43.200000,2.638333
6,42,0.023810,43.200000,2.638333
7,42,0.047619,43.200000,2.638333
8,42,0.047619,43.200000,2.638333
9,42,0.023810,43.200000,2.638333
10,42,0.023810,43.200000,2.638333

# VNS - input4.dat
instancia,mejor_costo,error_relativa,costo_promedio,tiempo_promedio
1,52,0.076923,54.700000,4.468847
2,52,0.096154,54.700000,4.468847
3,52,0.057692,54.700000,4.468847
4,52,0.076923,54.700000,4.468847
5,52,0.019231,54.700000,4.468847
6,52,0.076923,54.700000,4.468847
7,52,0.000000,54.700000,4.468847
8,52,0.076923,54.700000,4.468847
9,52,0.000000,54.700000,4.468847
10,52,0.038462,54.700000,4.468847

# VNS - input5.dat
instancia,mejor_costo,error_relativa,costo_promedio,tiempo_promedio
1,63,0.079365,67.200000,8.572530
2,63,0.047619,67.200000,8.572530
3,63,0.031746,67.200000,8.572530
4,63,0.111111,67.200000,8.572530
5,63,0.079365,67.200000,8.572530
6,63,0.063492,67.200000,8.572530
7,63,0.047619,67.200000,8.572530
8,63,0.000000,67.200000,8.572530
9,63,0.047619,67.200000,8.572530
10,63,0.158730,67.200000,8.572530

# VNS - input6.dat
instancia,mejor_costo,error_relativa,costo_promedio,tiempo_promedio
1,75,0.013333,80.600000,9.343012
2,75,0.106667,80.600000,9.343012
3,75,0.226667,80.600000,9.343012
4,75,0.120000,80.600000,9.343012
5,75,0.053333,80.600000,9.343012
6,75,0.080000,80.600000,9.343012
7,75,0.013333,80.600000,9.343012
8,75,0.093333,80.600000,9.343012
9,75,0.040000,80.600000,9.343012
10,75,0.000000,80.600000,9.343012

# VNS - input7.dat
instancia,mejor_costo,error_relativa,costo_promedio,tiempo_promedio
1,112,0.000000,113.900000,6.712677
2,112,0.017857,113.900000,6.712677
3,112,0.017857,113.900000,6.712677
4,112,0.026786,113.900000,6.712677
5,112,0.017857,113.900000,6.712677
6,112,0.026786,113.900000,6.712677
7,112,0.035714,113.900000,6.712677
8,112,0.000000,113.900000,6.712677
9,112,0.026786,113.900000,6.712677
10,112,0.000000,113.900000,6.712677

# VNS - input8.dat
instancia,mejor_costo,error_relativa,costo_promedio,tiempo_promedio
1,131,0.038168,136.800000,7.127056
2,131,0.038168,136.800000,7.127056
3,131,0.030534,136.800000,7.127056
4,131,0.053435,136.800000,7.127056
5,131,0.053435,136.800000,7.127056
6,131,0.061069,136.800000,7.127056
7,131,0.061069,136.800000,7.127056
8,131,0.000000,136.800000,7.127056
9,131,0.061069,136.800000,7.127056
10,131,0.045802,136.800000,7.127056

# VNS - input9.dat
instancia,mejor_costo,error_relativa,costo_promedio,tiempo_promedio
1,158,0.012658,159.000000,10.689237
2,158,0.000000,159.000000,10.689237
3,158,0.006329,159.000000,10.689237
4,158,0.000000,159.000000,10.689237
5,158,0.006329,159.000000,10.689237
6,158,0.000000,159.000000,10.689237
7,158,0.012658,159.000000,10.689237
8,158,0.006329,159.000000,10.689237
9,158,0.006329,159.000000,10.689237
10,158,0.012658,159.000000,10.689237

# VNS - input10.dat
instancia,mejor_costo,error_relativa,costo_promedio,tiempo_promedio
1,181,0.000000,183.500000,12.575139
2,181,0.016575,183.500000,12.575139
3,181,0.011050,183.500000,12.575139
4,181,0.044199,183.500000,12.575139
5,181,0.000000,183.500000,12.575139
6,181,0.005525,183.500000,12.575139
7,181,0.016575,183.500000,12.575139
8,181,0.011050,183.500000,12.575139
9,181,0.022099,183.500000,12.575139
10,181,0.011050,183.500000,12.575139

# VNS - input11.dat
instancia,mejor_costo,error_relativa,costo_promedio,tiempo_promedio
1,210,0.019048,213.600000,11.424087
2,210,0.019048,213.600000,11.424087
3,210,0.019048,213.600000,11.424087
4,210,0.000000,213.600000,11.424087
5,210,0.014286,213.600000,11.424087
6,210,0.014286,213.600000,11.424087
7,210,0.028571,213.600000,11.424087
8,210,0.004762,213.600000,11.424087
9,210,0.028571,213.600000,11.424087
10,210,0.023810,213.600000,11.424087

# VNS - input12.dat
instancia,mejor_costo,error_relativa,costo_promedio,tiempo_promedio
1,240,0.016667,244.400000,14.108368
2,240,0.020833,244.400000,14.108368
3,240,0.008333,244.400000,14.108368
4,240,0.020833,244.400000,14.108368
5,240,0.016667,244.400000,14.108368
6,240,0.033333,244.400000,14.108368
7,240,0.041667,244.400000,14.108368
8,240,0.000000,244.400000,14.108368
9,240,0.008333,244.400000,14.108368
10,240,0.016667,244.400000,14.108368

# VNS - input13.dat
instancia,mejor_costo,error_relativa,costo_promedio,tiempo_promedio
1,268,0.011194,273.500000,15.889007
2,268,0.022388,273.500000,15.889007
3,268,0.022388,273.500000,15.889007
4,268,0.026119,273.500000,15.889007
5,268,0.029851,273.500000,15.889007
6,268,0.033582,273.500000,15.889007
7,268,0.014925,273.500000,15.889007
8,268,0.007463,273.500000,15.889007
9,268,0.037313,273.500000,15.889007
10,268,0.000000,273.500000,15.889007

# VNS - input14.dat
instancia,mejor_costo,error_relativa,costo_promedio,tiempo_promedio
1,306,0.016340,310.300000,16.311455
2,306,0.009804,310.300000,16.311455
3,306,0.009804,310.300000,16.311455
4,306,0.029412,310.300000,16.311455
5,306,0.022876,310.300000,16.311455
6,306,0.000000,310.300000,16.311455
7,306,0.013072,310.300000,16.311455
8,306,0.009804,310.300000,16.311455
9,306,0.019608,310.300000,16.311455
10,306,0.009804,310.300000,16.311455

# VNS - input15.dat
instancia,mejor_costo,error_relativa,costo_promedio,tiempo_promedio
1,344,0.000000,347.400000,16.057720
2,344,0.011628,347.400000,16.057720
3,344,0.008721,347.400000,16.057720
4,344,0.011628,347.400000,16.057720
5,344,0.020349,347.400000,16.057720
6,344,0.014535,347.400000,16.057720
7,344,0.008721,347.400000,16.057720
8,344,0.002907,347.400000,16.057720
9,344,0.014535,347.400000,16.057720
10,344,0.005814,347.400000,16.057720

# VNS - input16.dat
instancia,mejor_costo,error_relativa,costo_promedio,tiempo_promedio
1,376,0.000000,383.100000,20.534119
2,376,0.015957,383.100000,20.534119
3,376,0.021277,383.100000,20.534119
4,376,0.031915,383.100000,20.534119
5,376,0.013298,383.100000,20.534119
6,376,0.018617,383.100000,20.534119
7,376,0.007979,383.100000,20.534119
8,376,0.026596,383.100000,20.534119
9,376,0.021277,383.100000,20.534119
10,376,0.031915,383.100000,20.534119

# VNS - input17.dat
instancia,mejor_costo,error_relativa,costo_promedio,tiempo_promedio
1,422,0.000000,426.800000,18.828811
2,422,0.014218,426.800000,18.828811
3,422,0.023697,426.800000,18.828811
4,422,0.002370,426.800000,18.828811
5,422,0.004739,426.800000,18.828811
6,422,0.026066,426.800000,18.828811
7,422,0.007109,426.800000,18.828811
8,422,0.004739,426.800000,18.828811
9,422,0.016588,426.800000,18.828811
10,422,0.014218,426.800000,18.828811

# VNS - input18.dat
instancia,mejor_costo,error_relativa,costo_promedio,tiempo_promedio
1,467,0.008565,471.400000,20.647373
2,467,0.006424,471.400000,20.647373
3,467,0.010707,471.400000,20.647373
4,467,0.000000,471.400000,20.647373
5,467,0.002141,471.400000,20.647373
6,467,0.008565,471.400000,20.647373
7,467,0.000000,471.400000,20.647373
8,467,0.019272,471.400000,20.647373
9,467,0.014989,471.400000,20.647373
10,467,0.023555,471.400000,20.647373

# VNS - input19.dat
instancia,mejor_costo,error_relativa,costo_promedio,tiempo_promedio
1,507,0.017751,512.800000,21.554580
2,507,0.013807,512.800000,21.554580
3,507,0.029586,512.800000,21.554580
4,507,0.009862,512.800000,21.554580
5,507,0.005917,512.800000,21.554580
6,507,0.007890,512.800000,21.554580
7,507,0.000000,512.800000,21.554580
8,507,0.015779,512.800000,21.554580
9,507,0.007890,512.800000,21.554580
10,507,0.005917,512.800000,21.554580

# VNS - input20.dat
instancia,mejor_costo,error_relativa,costo_promedio,tiempo_promedio
1,553,0.018083,559.900000,22.014206
2,553,0.014467,559.900000,22.014206
3,553,0.028933,559.900000,22.014206
4,553,0.010850,559.900000,22.014206
5,553,0.016275,559.900000,22.014206
6,553,0.009042,559.900000,22.014206
7,553,0.010850,559.900000,22.014206
8,553,0.012658,559.900000,22.014206
9,553,0.000000,559.900000,22.014206
10,553,0.003617,559.900000,22.014206
